18.4065	18.4022	18.3203	18.2789	18.2962	18.3797	18.4144	18.5049	18.5658	18.5535	18.4427	18.3453	18.463	18.5063	18.4764	18.5128	18.5323	18.5681	18.5233	18.5317	18.618	18.659	18.6478	18.4849	18.2407	17.8218	9.67515	3.0504	4.6294	13.6291	14.7509	18.439	18.5577	18.5825	18.4841	18.3913	18.3244	18.3319	18.3665	18.4118	18.4259	18.4641	
18.4167	18.3999	18.3374	18.3118	18.3285	18.3813	18.4064	18.4939	18.5392	18.5218	18.4259	18.3651	18.4806	18.516	18.5208	18.5371	18.5529	18.5678	18.5528	18.5585	18.6409	18.6842	18.6546	18.6235	18.5637	18.4219	17.8643	15.7837	13.3275	16.9272	17.7202	18.3144	18.515	18.5753	18.5302	18.4509	18.4317	18.4162	18.3988	18.4089	18.45	18.3822	
18.4238	18.3928	18.3355	18.3546	18.369	18.3688	18.3955	18.4683	18.5274	18.5225	18.4562	18.4075	18.4583	18.5107	18.522	18.5355	18.5673	18.5439	18.5724	18.6239	18.681	18.6838	18.6199	18.5823	18.5807	18.589	18.4515	18.1306	17.1537	17.479	17.9069	18.2758	18.5037	18.572	18.5756	18.4921	18.4883	18.4664	18.4342	18.4229	18.4197	18.4412	
18.435	18.4116	18.3672	18.395	18.3782	18.3998	18.4066	18.4723	18.5177	18.4858	18.425	18.4151	18.4693	18.5243	18.5164	18.5235	18.5572	18.5551	18.5932	18.6322	18.6594	18.6608	18.5939	18.549	18.5324	18.6055	18.5972	18.5143	18.308	18.1062	18.1575	18.3009	18.4913	18.5751	18.5637	18.5122	18.5008	18.5216	18.4713	18.4643	18.4481	18.4344	
18.4497	18.4091	18.393	18.4043	18.3704	18.4094	18.442	18.4656	18.5069	18.467	18.4092	18.4081	18.4514	18.5223	18.5235	18.5232	18.5547	18.5799	18.6399	18.6338	18.6462	18.643	18.6095	18.5264	18.521	18.5848	18.6074	18.6026	18.5719	18.4423	18.2678	18.3109	18.4835	18.5721	18.5612	18.5282	18.5155	18.5173	18.5039	18.4738	18.4708	18.4457	
18.4566	18.4333	18.4112	18.3931	18.351	18.3945	18.4446	18.4708	18.4877	18.4452	18.3576	18.3358	18.4009	18.5015	18.5334	18.5501	18.5946	18.6015	18.6254	18.6524	18.6265	18.6289	18.6179	18.5619	18.537	18.5505	18.6168	18.6305	18.6229	18.5546	18.3952	18.3324	18.4669	18.5386	18.5477	18.5168	18.4992	18.5013	18.5188	18.5116	18.4961	18.3867	
18.4477	18.4382	18.446	18.4029	18.3597	18.4521	18.4896	18.5176	18.465	18.4299	18.3536	18.3191	18.3721	18.4999	18.5394	18.556	18.613	18.6214	18.5961	18.6095	18.6254	18.6335	18.5822	18.5938	18.5694	18.5874	18.6348	18.6346	18.6223	18.5794	18.5056	18.3866	18.4511	18.5389	18.5539	18.5452	18.5238	18.5038	18.4914	18.4972	18.4794	18.4413	
18.4235	18.4195	18.4696	18.4014	18.4169	18.4977	18.5333	18.5455	18.4767	18.3895	18.3525	18.3003	18.3134	18.4878	18.534	18.5478	18.5936	18.6117	18.5729	18.5814	18.5912	18.5875	18.5662	18.5973	18.5933	18.6046	18.651	18.6525	18.6319	18.5981	18.5726	18.4575	18.4234	18.5134	18.5508	18.5494	18.5311	18.4932	18.4951	18.4886	18.4725	18.2855	
18.4394	18.4419	18.4493	18.4422	18.4498	18.4938	18.5218	18.5035	18.4476	18.3743	18.3674	18.3104	18.3198	18.4299	18.5059	18.5704	18.5992	18.6045	18.5965	18.5843	18.5839	18.5894	18.5691	18.5849	18.6026	18.6117	18.6243	18.6222	18.6024	18.5837	18.5666	18.5028	18.4378	18.5083	18.5246	18.5473	18.4951	18.4796	18.4952	18.4678	18.4691	18.4207	
18.4476	18.479	18.4528	18.477	18.5217	18.5179	18.5121	18.4722	18.4303	18.3744	18.3553	18.338	18.3391	18.406	18.4774	18.5501	18.5821	18.5925	18.5954	18.577	18.6042	18.5892	18.5975	18.5642	18.5882	18.5958	18.6076	18.5997	18.5783	18.572	18.5546	18.5534	18.4769	18.4977	18.5333	18.5385	18.5016	18.4745	18.4369	18.4466	18.4424	18.3453	
18.4642	18.4772	18.5027	18.5102	18.5424	18.5295	18.5001	18.4306	18.3838	18.3642	18.3297	18.3167	18.3462	18.4112	18.4542	18.5034	18.5523	18.5599	18.5715	18.5909	18.598	18.5963	18.5642	18.5717	18.5928	18.584	18.5819	18.5864	18.5827	18.5585	18.5172	18.505	18.4947	18.4794	18.5049	18.512	18.452	18.4734	18.4665	18.4824	18.4176	18.3989	
18.4558	18.4871	18.5137	18.5289	18.5252	18.5368	18.4635	18.4191	18.4025	18.3774	18.3486	18.3493	18.3687	18.389	18.3913	18.4632	18.5415	18.5601	18.5585	18.5925	18.611	18.5971	18.5583	18.5493	18.5643	18.5645	18.5709	18.5916	18.5754	18.5519	18.5326	18.5114	18.5236	18.4936	18.4993	18.5116	18.4811	18.4443	18.4514	18.4617	18.4383	18.3671	
18.4584	18.471	18.5227	18.5267	18.552	18.5339	18.4702	18.4355	18.42	18.4227	18.3835	18.3816	18.3881	18.3449	18.2843	18.3783	18.5065	18.5533	18.5499	18.5867	18.6058	18.5849	18.5548	18.5579	18.5637	18.6008	18.5885	18.5758	18.5583	18.5514	18.5289	18.5196	18.5239	18.5425	18.5204	18.5315	18.4814	18.4461	18.4451	18.4203	18.4017	18.3602	
18.4875	18.4784	18.5134	18.5269	18.5378	18.5413	18.4925	18.44	18.4543	18.4693	18.4289	18.405	18.3973	18.3281	18.2245	18.3406	18.4439	18.4939	18.5467	18.5832	18.5966	18.587	18.5667	18.581	18.551	18.5638	18.5728	18.553	18.5286	18.5432	18.5383	18.5045	18.5195	18.5243	18.5148	18.5199	18.4527	18.4493	18.4433	18.4016	18.3952	18.3738	
18.4941	18.479	18.5033	18.5079	18.5374	18.5057	18.4729	18.3984	18.488	18.5197	18.4927	18.4558	18.4087	18.3388	18.2414	18.3096	18.3852	18.4554	18.5244	18.5614	18.5906	18.5915	18.5595	18.5558	18.5198	18.5387	18.5442	18.5795	18.5348	18.5185	18.5173	18.5056	18.5105	18.5011	18.5223	18.5172	18.482	18.4626	18.4373	18.425	18.4115	18.3783	
18.4966	18.5013	18.5103	18.5157	18.5018	18.4969	18.4503	18.4444	18.5147	18.5476	18.5414	18.4546	18.4247	18.3468	18.2497	18.2815	18.3338	18.3735	18.4791	18.5341	18.5296	18.5347	18.5053	18.4983	18.4818	18.531	18.5482	18.5556	18.528	18.5275	18.5192	18.5088	18.5024	18.5154	18.533	18.5169	18.4841	18.4492	18.4437	18.4378	18.4004	18.406	
18.5307	18.5504	18.5158	18.5064	18.4892	18.4559	18.4296	18.44	18.531	18.5338	18.531	18.5006	18.4494	18.3868	18.2702	18.2734	18.3051	18.3525	18.4515	18.5394	18.5406	18.5515	18.4994	18.4859	18.4708	18.5124	18.5346	18.5682	18.543	18.538	18.5335	18.5199	18.5185	18.5169	18.5467	18.5336	18.4959	18.4458	18.4236	18.4554	18.4405	18.4017	
18.5596	18.5464	18.5264	18.5217	18.4485	18.4266	18.3918	18.4581	18.5415	18.5455	18.5133	18.51	18.4641	18.4102	18.3017	18.2802	18.3006	18.3349	18.4354	18.5279	18.5673	18.5377	18.5071	18.4829	18.4983	18.4942	18.5038	18.5275	18.5662	18.5407	18.5533	18.5332	18.5153	18.5201	18.535	18.5386	18.4896	18.4708	18.4469	18.4524	18.4107	18.4676	
18.5631	18.5398	18.5452	18.526	18.4944	18.4302	18.3925	18.4564	18.5368	18.5476	18.5112	18.5376	18.4829	18.4198	18.3778	18.3526	18.317	18.3336	18.46	18.5391	18.5532	18.5664	18.5405	18.5439	18.516	18.4846	18.5324	18.522	18.5512	18.5654	18.5642	18.5568	18.5581	18.5362	18.5553	18.5367	18.5083	18.4659	18.4533	18.4257	18.444	18.4362	
18.583	18.56	18.5534	18.5424	18.5202	18.4255	18.3655	18.4202	18.4964	18.5434	18.5296	18.5449	18.5133	18.4481	18.4241	18.3984	18.3597	18.3334	18.4577	18.55	18.5548	18.5777	18.5535	18.581	18.5706	18.5325	18.5181	18.5373	18.5573	18.5661	18.5699	18.5674	18.559	18.5337	18.5248	18.5596	18.508	18.4943	18.4522	18.4594	18.4528	18.4038	
18.5615	18.5358	18.5355	18.5406	18.5253	18.482	18.4402	18.4075	18.4922	18.5209	18.5457	18.5595	18.5407	18.5435	18.4866	18.48	18.4255	18.4025	18.4372	18.5159	18.5318	18.5277	18.5645	18.5499	18.5778	18.5746	18.5216	18.5554	18.567	18.5715	18.545	18.5667	18.5764	18.5467	18.5547	18.5509	18.5185	18.4981	18.4877	18.4651	18.4949	18.4729	
18.5431	18.5138	18.5377	18.5268	18.514	18.4814	18.4607	18.3949	18.4519	18.5124	18.5552	18.5538	18.5633	18.5483	18.5363	18.5124	18.4797	18.4408	18.4495	18.505	18.5308	18.5438	18.5561	18.5619	18.5468	18.5673	18.5556	18.5779	18.5724	18.561	18.5079	18.5015	18.5373	18.5505	18.5428	18.5611	18.5135	18.4832	18.5081	18.4858	18.4792	18.4645	
18.5099	18.4737	18.4742	18.4846	18.4826	18.4774	18.4717	18.4125	18.4334	18.4954	18.5131	18.5289	18.555	18.5841	18.5354	18.5379	18.5029	18.498	18.4549	18.4697	18.5345	18.5285	18.5232	18.5611	18.5522	18.5633	18.567	18.5651	18.5715	18.5773	18.5465	18.5192	18.5543	18.5344	18.5876	18.5068	18.4959	18.5044	18.4987	18.49	18.4902	18.4914	
18.4911	18.4521	18.4447	18.4576	18.4847	18.4773	18.452	18.4098	18.4087	18.4436	18.4647	18.4492	18.4758	18.4928	18.4857	18.502	18.5213	18.4921	18.4518	18.4602	18.5244	18.5165	18.5084	18.5543	18.5562	18.5622	18.5632	18.6134	18.5976	18.5767	18.5508	18.5159	18.5678	18.5645	18.5553	18.5355	18.5159	18.4997	18.5113	18.5106	18.4955	18.5297	
18.4333	18.4183	18.4498	18.4416	18.4678	18.4711	18.4541	18.4199	18.4077	18.4316	18.4368	18.4015	18.399	18.3996	18.4364	18.501	18.4754	18.4691	18.4564	18.4455	18.4617	18.5001	18.5085	18.5442	18.5413	18.5659	18.5631	18.5553	18.5863	18.5932	18.5693	18.5807	18.5442	18.5736	18.5433	18.5189	18.4807	18.5085	18.5171	18.5016	18.5027	18.518	
18.4214	18.4074	18.4216	18.44	18.4454	18.4672	18.4307	18.4062	18.3894	18.4191	18.4156	18.3914	18.3724	18.3149	18.3644	18.4392	18.4662	18.4568	18.4401	18.4405	18.4681	18.4726	18.4978	18.4904	18.5076	18.5525	18.5479	18.5761	18.5901	18.586	18.5573	18.5598	18.578	18.561	18.5276	18.5277	18.5199	18.5212	18.5095	18.5032	18.4892	18.4814	
18.382	18.3918	18.4016	18.4372	18.4474	18.4277	18.4242	18.4016	18.3672	18.4205	18.4023	18.3963	18.3155	18.2677	18.2317	18.394	18.4451	18.4425	18.4355	18.4261	18.4305	18.4119	18.4957	18.4774	18.4608	18.5017	18.5406	18.5474	18.5223	18.5404	18.5526	18.5607	18.5706	18.5477	18.5546	18.5079	18.5118	18.531	18.5124	18.5042	18.514	18.4933	
18.404	18.3897	18.3976	18.4343	18.4166	18.4298	18.4174	18.4065	18.3641	18.3934	18.4359	18.3842	18.3378	18.2208	18.2035	18.3471	18.3975	18.41	18.3982	18.3946	18.4327	18.419	18.4473	18.4411	18.4663	18.4789	18.5261	18.5109	18.5234	18.4809	18.5387	18.5617	18.5739	18.5633	18.5451	18.5092	18.5303	18.5115	18.5152	18.4962	18.499	18.4656	
18.4287	18.4209	18.4176	18.4181	18.4321	18.4273	18.4166	18.3949	18.3747	18.4074	18.4096	18.4232	18.389	18.2879	18.215	18.3058	18.4214	18.432	18.3713	18.3712	18.4263	18.3915	18.4118	18.4445	18.46	18.4837	18.5086	18.5369	18.5302	18.5065	18.5373	18.5589	18.5445	18.5429	18.5323	18.5064	18.5034	18.4903	18.4778	18.4792	18.517	18.5042	
18.4232	18.4006	18.4042	18.4381	18.4401	18.432	18.4093	18.3872	18.3806	18.3963	18.4251	18.426	18.3977	18.3111	18.2499	18.292	18.4468	18.4167	18.3676	18.3747	18.3895	18.4153	18.4309	18.4282	18.48	18.4802	18.4687	18.5275	18.5214	18.5238	18.5272	18.5645	18.5873	18.5789	18.5679	18.549	18.5308	18.5031	18.4917	18.497	18.506	18.4062	
18.4292	18.427	18.4397	18.4384	18.4301	18.4168	18.4176	18.404	18.411	18.4527	18.44	18.4648	18.439	18.299	18.2931	18.3198	18.4051	18.4232	18.37	18.3947	18.3729	18.3768	18.404	18.4301	18.4444	18.4784	18.4449	18.4765	18.501	18.5144	18.5322	18.5735	18.667	18.6708	18.6532	18.6245	18.591	18.5466	18.5032	18.4729	18.5135	18.5291	
18.4545	18.444	18.4443	18.433	18.4162	18.4043	18.3979	18.406	18.3974	18.4469	18.445	18.4635	18.4723	18.3555	18.3459	18.3587	18.4037	18.3954	18.4148	18.3757	18.375	18.404	18.4121	18.4159	18.4447	18.4645	18.4341	18.4803	18.5197	18.5103	18.5352	18.6567	18.7137	18.7305	18.7427	18.748	18.6793	18.6464	18.6037	18.5753	18.5455	18.5414	
18.4615	18.4323	18.4534	18.4588	18.4392	18.4029	18.395	18.3882	18.4143	18.4366	18.4408	18.4773	18.4287	18.3595	18.3651	18.3848	18.4035	18.4301	18.4273	18.4103	18.3983	18.413	18.387	18.4317	18.4463	18.475	18.4899	18.4978	18.5086	18.5544	18.6182	18.736	18.7807	18.7858	18.8127	18.8101	18.7828	18.7554	18.7178	18.6919	18.6577	18.6218	
18.5052	18.5036	18.4934	18.4632	18.4549	18.4278	18.433	18.4039	18.4083	18.4054	18.4432	18.4358	18.428	18.4055	18.4093	18.4231	18.4468	18.4543	18.4421	18.4358	18.4656	18.4694	18.465	18.4682	18.4557	18.5075	18.5205	18.5222	18.5035	18.5941	18.6705	18.753	18.7892	18.8122	18.8568	18.8396	18.8609	18.8264	18.8009	18.8022	18.7665	18.7154	
18.6004	18.5885	18.5806	18.5122	18.5019	18.4779	18.4649	18.4444	18.3885	18.3778	18.4413	18.439	18.4398	18.427	18.428	18.4543	18.4596	18.4873	18.4804	18.4925	18.5104	18.53	18.5215	18.5078	18.5194	18.53	18.5653	18.5853	18.5794	18.6603	18.7627	18.7995	18.8401	18.8318	18.8463	18.8463	18.8623	18.8397	18.8746	18.8578	18.8108	18.8035	
18.6986	18.6687	18.6617	18.6179	18.5879	18.5498	18.5225	18.4728	18.4742	18.4002	18.39	18.4171	18.4385	18.4945	18.4382	18.4981	18.5425	18.597	18.5435	18.5675	18.5629	18.5853	18.5779	18.5789	18.594	18.5976	18.6512	18.6635	18.7011	18.7545	18.7621	18.858	18.8617	18.8546	18.8607	18.8683	18.8661	18.8692	18.896	18.8624	18.8562	18.8994	
18.7693	18.7216	18.7075	18.7016	18.6747	18.6512	18.611	18.5783	18.532	18.4827	18.4524	18.4294	18.4663	18.4971	18.4809	18.5533	18.634	18.6383	18.6615	18.641	18.6227	18.6221	18.6555	18.6834	18.6898	18.7321	18.7777	18.7717	18.7848	18.7945	18.8405	18.8521	18.8881	18.9056	18.8486	18.8667	18.8529	18.8817	18.8729	18.8645	18.8728	18.8931	
18.8505	18.8206	18.8031	18.76	18.7482	18.7335	18.7097	18.6637	18.6403	18.5779	18.5679	18.5235	18.5311	18.5284	18.5846	18.634	18.6796	18.6901	18.7077	18.7063	18.6921	18.7075	18.709	18.7578	18.7823	18.8215	18.839	18.8405	18.8689	18.8417	18.8767	18.8832	18.8973	18.8835	18.8734	18.8694	18.872	18.8583	18.8596	18.9011	18.8824	18.7955	
18.8898	18.8513	18.8636	18.8371	18.8318	18.8264	18.8048	18.771	18.7357	18.7119	18.6911	18.6386	18.631	18.6254	18.6537	18.714	18.8002	18.7866	18.8206	18.8005	18.8327	18.8087	18.7851	18.8338	18.8333	18.8839	18.8605	18.8812	18.8753	18.8669	18.8497	18.8701	18.8956	18.8928	18.9027	18.8536	18.8871	18.8803	18.9059	18.8548	18.875	18.8985	
18.9003	18.8956	18.8793	18.884	18.8683	18.8882	18.8767	18.8716	18.8404	18.805	18.8075	18.7373	18.7613	18.7593	18.7888	18.8117	18.8686	18.8395	18.8513	18.8523	18.8758	18.8836	18.866	18.8562	18.8655	18.9079	18.8954	18.9226	18.8934	18.8292	18.8594	18.8374	18.8724	18.8359	18.9119	18.8739	18.8855	18.888	18.8796	18.8637	18.8695	18.8888	
18.8727	18.8902	18.9028	18.8971	18.8832	18.8977	18.9052	18.8829	18.8615	18.8588	18.8114	18.8518	18.8509	18.8513	18.8369	18.8568	18.8854	18.8683	18.87	18.8672	18.8679	18.8649	18.8672	18.8744	18.8517	18.8965	18.8875	18.8863	18.8678	18.8507	18.8423	18.8748	18.8838	18.8761	18.8785	18.8962	18.9076	18.8868	18.8755	18.8875	18.9177	18.903	
18.8972	18.9023	18.9013	18.8908	18.884	18.9159	18.9151	18.8988	18.9005	18.8643	18.8805	18.9132	18.9562	18.901	18.8659	18.8418	18.8882	18.8794	18.8586	18.863	18.8793	18.8597	18.8368	18.8822	18.8386	18.8813	18.8715	18.8877	18.791	18.8232	18.8	18.8267	18.8215	18.8618	18.8703	18.8449	18.9026	18.8875	18.8864	18.8817	18.8923	18.8962	
18.8934	18.886	18.9186	18.8949	18.9095	18.8869	18.9047	18.9085	18.8952	18.9039	18.892	18.9086	18.912	18.9001	18.8769	18.8973	18.8895	18.8827	18.8769	18.8742	18.8573	18.8665	18.8754	18.8559	18.8779	18.8851	18.8832	18.8572	18.8405	18.779	18.7556	18.7726	18.8005	18.8568	18.9073	18.8955	18.8808	18.9075	18.8995	18.8981	18.8916	18.9238	
18.8831	18.9121	18.901	18.9074	18.906	18.926	18.8995	18.8891	18.9208	18.8933	18.893	18.9255	18.89	18.9013	18.8801	18.8508	18.8989	18.884	18.87	18.8926	18.8629	18.8539	18.8558	18.8778	18.8674	18.8762	18.8741	18.8707	18.8468	18.8299	18.803	18.7828	18.7763	18.8221	18.8819	18.8821	18.9142	18.8795	18.8861	18.894	18.8794	18.8763	
18.8814	18.9053	18.917	18.909	18.9009	18.9343	18.8869	18.904	18.8616	18.9186	18.914	18.9212	18.9545	18.9547	18.9022	18.8259	18.8456	18.8725	18.8733	18.8921	18.8662	18.8707	18.8668	18.8697	18.8409	18.884	18.913	18.8562	18.9039	18.8638	18.8024	18.7727	18.7767	18.8181	18.8634	18.8988	18.917	18.8698	18.9	18.9134	18.9155	18.905	
18.8837	18.8691	18.8995	18.887	18.8919	18.8909	18.8913	18.8957	18.8847	18.8883	18.8791	18.882	18.8877	18.9346	18.8697	18.8447	18.8595	18.8959	18.8924	18.9059	18.9042	18.859	18.8776	18.8912	18.86	18.8461	18.8447	18.8782	18.853	18.8836	18.8743	18.7906	18.773	18.849	18.8769	18.8753	18.9161	18.8902	18.9136	18.9169	18.9064	18.9479	
18.896	18.8942	18.8738	18.892	18.9068	18.8816	18.9125	18.872	18.8938	18.884	18.8741	18.8881	18.8555	18.8852	18.8796	18.8667	18.8433	18.8749	18.8846	18.9122	18.918	18.8699	18.859	18.8803	18.8711	18.8301	18.8601	18.9052	18.8558	18.8438	18.7933	18.7984	18.8238	18.8057	18.8717	18.8938	18.8866	18.9255	18.8868	18.8969	18.9101	18.8753	
18.8772	18.8751	18.8815	18.8794	18.879	18.8838	18.8522	18.863	18.8845	18.8804	18.8976	18.8873	18.8781	18.8847	18.8898	18.8837	18.8719	18.8659	18.891	18.9293	18.8765	18.8866	18.8342	18.8733	18.8798	18.809	18.8546	18.8794	18.8628	18.8649	18.8319	18.799	18.8482	18.8487	18.8928	18.9048	18.8857	18.9413	18.9134	18.8812	18.8771	18.8539	
18.8597	18.8574	18.8603	18.8429	18.8546	18.8557	18.8882	18.8785	18.8801	18.8987	18.8825	18.9025	18.8955	18.8851	18.9145	18.8924	18.8802	18.8678	18.8795	18.9127	18.9025	18.9073	18.9103	18.903	18.8841	18.8611	18.8752	18.8964	18.8792	18.8502	18.8111	18.8071	18.8637	18.8853	18.8819	18.901	18.8961	18.9151	18.8902	18.8681	18.8583	18.8631	
18.8459	18.8402	18.8548	18.8522	18.8461	18.8441	18.8532	18.8589	18.8425	18.8519	18.8982	18.8701	18.8602	18.8986	18.8827	18.8402	18.8702	18.8394	18.8729	18.899	18.8917	18.8755	18.9193	18.8783	18.8847	18.8973	18.8526	18.8379	18.8552	18.8404	18.8257	18.844	18.8693	18.9037	18.898	18.9089	18.8864	18.9502	18.8926	18.8949	18.8437	18.8274	
18.8823	18.829	18.8483	18.8481	18.8379	18.8521	18.8589	18.8378	18.8863	18.8639	18.8794	18.8845	18.8595	18.8474	18.9002	18.8772	18.8444	18.8789	18.9007	18.8868	18.8612	18.9046	18.8811	18.8585	18.919	18.8657	18.9202	18.8697	18.8621	18.8555	18.8582	18.8872	18.8721	18.8903	18.8913	18.9728	18.9484	18.8856	18.9105	18.8978	18.8847	18.861	
18.8894	18.8339	18.8667	18.8261	18.8364	18.8388	18.8655	18.8566	18.8651	18.8681	18.8896	18.901	18.8719	18.882	18.8966	18.8943	18.8824	18.8753	18.9216	18.9098	18.8858	18.933	18.9068	18.9015	18.8988	18.8975	18.8984	18.8795	18.8527	18.8889	18.8605	18.9101	18.8888	18.922	18.867	18.9128	18.9415	18.9271	18.8881	18.9439	18.8585	18.8418	
18.8849	18.8601	18.8505	18.8223	18.8561	18.8462	18.8631	18.8635	18.8378	18.8713	18.868	18.8883	18.8239	18.8768	18.8657	18.8683	18.8699	18.903	18.9534	18.9451	18.949	18.8876	18.9295	18.9137	18.9734	18.9067	18.8851	18.8572	18.8685	18.9028	18.8917	18.8905	18.8795	18.8913	18.9167	18.9051	18.9052	18.8686	18.8526	18.8808	18.8696	18.8852	
18.8899	18.8712	18.8668	18.8682	18.8431	18.8461	18.8298	18.8498	18.8487	18.8929	18.9052	18.8864	18.8932	18.8652	18.8472	18.8835	18.8694	18.9207	18.8747	18.9056	18.9194	18.9095	18.8849	18.9029	18.8806	18.9289	18.9092	18.8606	18.8628	18.882	18.9107	18.9393	18.8916	18.9289	18.8882	18.9121	18.8621	18.9037	18.9219	18.8633	18.8428	18.7909	
18.8949	18.8884	18.8951	18.8758	18.8686	18.8395	18.851	18.8469	18.8425	18.8674	18.9002	18.8761	18.8794	18.8985	18.8692	18.8639	18.9077	18.9258	18.8713	18.8679	18.9043	18.8926	18.9041	18.9124	18.8906	18.9881	18.8866	18.8791	18.8886	18.9136	18.8949	18.918	18.8869	18.8823	18.897	18.8717	18.9316	18.903	18.8955	18.8558	18.8324	18.9013	
18.9047	18.8909	18.8984	18.8922	18.8727	18.8704	18.8712	18.8618	18.8363	18.8769	18.8742	18.8597	18.8787	18.9008	18.8739	18.8838	18.8711	18.8758	18.9471	18.8595	18.893	18.8724	18.9413	18.9366	18.9229	18.8988	18.9008	18.8918	18.8563	18.8919	18.9425	18.9428	18.8663	18.8991	18.8745	18.906	18.9315	18.9282	18.8875	18.9195	18.8709	18.8357	
18.9056	18.8825	18.8896	18.8867	18.8798	18.8737	18.8753	18.8417	18.8539	18.8748	18.911	18.8981	18.9115	18.8742	18.9245	18.8912	18.8722	18.8784	18.8771	18.8793	18.8463	18.9215	18.8872	18.8931	18.8825	18.8881	18.8631	18.912	18.9103	18.9568	18.8863	18.8996	18.9142	18.8823	18.9116	18.8801	18.9129	18.8899	18.9	18.9083	18.9004	18.8894	
18.913	18.9151	18.9014	18.9267	18.8792	18.9253	18.8524	18.9031	18.8382	18.921	18.899	18.8936	18.8826	18.8822	18.8767	18.8937	18.8854	18.8814	18.9167	18.9273	18.8531	18.9087	18.8921	18.9177	18.8729	18.9117	18.9233	18.9139	18.915	18.8969	18.8935	18.8703	18.9144	18.9101	18.8772	18.892	18.9189	18.8753	18.8728	18.8839	18.9442	18.9151	
18.9133	18.8865	18.9035	18.8599	18.8604	18.8585	18.8654	18.9063	18.877	18.9329	18.9081	18.896	18.8865	18.9052	18.9065	18.8591	18.8746	18.8869	18.9049	18.9255	18.9217	18.8421	18.845	18.841	18.8895	18.8994	18.9257	18.8804	18.8919	18.8976	18.8985	18.859	18.8665	18.9149	18.9097	18.8997	18.8703	18.8992	18.9235	18.9367	18.892	18.9112	
18.8926	18.8834	18.8813	18.8672	18.9004	18.8781	18.8705	18.9168	18.9378	18.9323	18.8773	18.8752	18.87	18.8893	18.8832	18.8971	18.8769	18.9027	18.8563	18.8714	18.8566	18.8844	18.9142	18.8525	18.879	18.8987	18.9035	18.8832	18.8646	18.8943	18.8634	18.921	18.9014	18.8871	18.8672	18.9105	18.9036	18.877	18.9296	18.8683	18.882	18.9052	
18.8822	18.8851	18.8738	18.8852	18.9038	18.8812	18.9228	18.8894	18.8998	18.9068	18.9275	18.9063	18.9226	18.918	18.8962	18.8871	18.883	18.9447	18.9077	18.8936	18.9177	18.8879	18.8727	18.856	18.837	18.8817	18.8995	18.9209	18.9241	18.8843	18.8734	18.9207	18.9177	18.8623	18.8798	18.8828	18.8695	18.8439	18.9132	18.9179	18.8756	18.9212	
18.9094	18.8979	18.9035	18.9267	18.8713	18.8945	18.9226	18.8981	18.8741	18.982	18.9112	18.9037	18.9176	18.9421	18.904	18.9258	18.859	18.9227	18.8771	18.8767	18.8906	18.9077	18.8302	18.8924	18.8924	18.8929	18.9173	18.8852	18.907	18.9346	18.8919	18.8843	18.8692	18.9325	18.8976	18.9063	18.9182	18.8862	18.8909	18.9649	18.9093	18.9107	
18.9079	18.8801	18.9047	18.9044	18.9114	18.9366	18.8778	18.9269	18.9307	18.9145	18.9099	18.9346	18.9338	18.918	18.9517	18.9425	18.9142	18.891	18.9097	18.8748	18.9509	18.8721	18.8788	18.8785	18.8729	18.9217	18.9028	18.8828	18.8783	18.9139	18.9132	18.9099	18.9213	18.9328	18.9867	18.88	18.8665	18.8671	18.8241	18.8919	18.8801	18.9331	
18.8637	18.8858	18.8814	18.9295	18.907	18.8911	18.9344	18.922	18.9217	18.9102	18.9379	18.9757	18.9032	18.9163	18.8534	18.8769	18.8879	18.9076	18.899	18.8858	18.8955	18.8919	18.873	18.8634	18.9329	18.8879	18.8624	18.9035	18.9381	18.8876	18.8688	18.9129	18.9206	18.9413	18.9043	18.8768	18.9693	18.8518	18.8541	18.8886	18.9685	18.983	
18.9093	18.8938	18.9152	18.8867	18.9115	18.9067	18.9111	18.906	18.8504	18.9252	18.8837	18.8773	18.9144	18.866	18.9177	18.9259	18.9173	18.8509	18.8856	18.9133	18.8781	18.9363	18.8845	18.8505	18.9194	18.8574	18.883	18.9153	18.8858	18.8893	18.9057	18.9254	18.903	18.8873	18.9087	18.8857	18.9097	18.9152	18.8911	18.8744	18.9354	18.9554	
18.8705	18.9048	18.9134	18.9418	18.9225	18.915	18.9413	18.921	18.9014	18.8649	18.8902	18.9064	18.8858	18.8961	18.9164	18.9011	18.8947	18.8818	18.9074	18.8943	18.896	18.8652	18.8787	18.8978	18.8531	18.898	18.8686	18.8997	18.8852	18.8635	18.8799	18.8603	18.8979	18.9258	18.9008	18.8637	18.9099	18.9274	18.8775	18.8926	18.9437	18.8422	
18.883	18.899	18.9097	18.9329	18.9207	18.8802	18.9112	18.8902	18.8943	18.8977	18.9156	18.9113	18.9117	18.9288	18.8997	18.8726	18.8957	18.872	18.8978	18.8562	18.9468	18.9313	18.9156	18.8844	18.8862	18.8769	18.8201	18.8436	18.8805	18.8677	18.8683	18.8449	18.9012	18.893	18.8907	18.9032	18.8351	18.8539	18.853	18.8691	18.8748	18.8478	
18.9052	18.8879	18.9056	18.9212	18.9305	18.9418	18.9307	18.9264	18.9299	18.8958	18.9167	18.9039	18.8715	18.8869	18.8599	18.9136	18.8623	18.9706	18.9347	18.9706	18.9747	18.9739	18.9089	18.8852	18.9237	18.8445	18.8724	18.8771	18.8634	18.8651	18.8394	18.8523	18.8475	18.8738	18.9127	18.9027	18.9431	18.8703	18.8875	18.8767	18.8924	18.9194	
18.9392	18.9357	18.9386	18.9733	18.9684	18.9439	18.9627	18.9519	18.9006	18.9528	18.998	18.9123	18.9573	18.9691	18.9605	18.9121	18.9924	19.018	18.95	18.9386	18.8991	18.9017	18.981	18.9314	18.871	18.9135	18.8983	18.8907	18.9309	18.922	18.8766	18.8947	18.8774	18.866	18.8906	18.9594	18.951	18.8745	18.9645	18.9391	18.961	18.9154	
19.46	19.3631	19.3965	19.3596	19.3074	19.3842	19.3729	19.3357	19.3296	19.3559	19.3899	19.3198	19.4402	19.3311	19.2214	19.4017	19.3967	19.3713	19.5545	19.4802	19.5116	19.3846	19.4241	19.4754	19.4279	19.5863	19.377	19.1833	19.3215	19.3058	19.2775	19.3401	19.3158	19.3791	19.4355	19.3746	19.4411	19.404	19.2883	19.3433	19.5791	19.3139	
30.5188	34.9768	30.7848	32.963	32.0081	34.0935	35.4824	31.9519	33.5726	35.7386	38.5882	38.8826	35.6484	29.851	34.0514	33.7966	37.1837	38.591	37.3255	34.4657	34.3111	37.8204	32.4842	27.0483	31.0427	35.0099	37.5523	38.6427	29.1395	35.3603	28.5504	39.3695	35.1816	32.5309	35.967	32.2643	44.5072	33.7795	34.468	38.2274	36.7834	41.857	
50.0359	53.2298	47.7835	44.3345	43.8658	44.2922	44.1027	51.3748	43.7782	41.8797	50.0534	51.5951	51.2787	50.3174	43.6333	52.0813	47.6774	43.0924	49.5928	43.4585	49.3657	49.3286	48.9044	52.7064	52.0382	46.383	52.1257	54.5786	41.3993	41.99	42.5378	51.302	57.5098	50.8992	47.5901	50.0653	47.8546	56.4673	52.044	54.6621	43.5712	44.7636	
52.4064	47.893	53.1334	43.1985	49.4333	45.6511	52.2082	51.5256	48.3678	48.0953	43.9627	51.4308	54.4621	53.7936	54.2094	48.5076	48.7225	52.066	61.2534	49.6938	61.5758	54.5515	57.1587	53.2818	53.4486	59.3632	46.9744	45.8301	54.2955	56.1092	47.028	57.3287	52.6825	57.4267	51.335	58.8864	51.5845	50.3233	55.8628	52.7976	52.138	52.1805	
48.2655	47.3318	52.2253	54.2176	53.1992	50.869	50.7126	50.4795	52.9431	53.8691	54.3121	55.1659	52.2612	52.3745	50.8347	57.0043	46.9603	58.083	58.6146	48.0206	58.1074	59.121	52.4047	53.4788	53.9595	52.8594	60.3246	49.9027	48.757	57.2997	57.7919	47.3251	58.8176	48.7927	46.9781	54.0109	49.1419	61.6128	60.0177	42.4124	49.394	51.3245	

